0 2834 3373 10.18 53
1 2749 3797 10.09 42
2 1123 1634 12.10 21
3 2433 3804 10.10 17
4 5345 6633 10.79 43
5 3927 4461 10.90 50
6 3174 3222 10.94 19
7 1764 2951 11.13 42
8 5382 5453 14.00 27
9 4696 6111 52.89 6
10 2337 3133 11.05 54
11 4561 5304 10.90 42
12 1611 2681 10.46 43
13 2229 2281 11.08 36
14 142 958 11.50 33
15 707 1888 11.71 17
16 6027 6309 10.70 35
17 1840 2561 10.28 50
18 1442 1820 13.00 51
19 4083 4831 11.28 17
20 4063 4208 18.28 13
21 4441 4908 11.54 46
22 4236 4942 10.92 51
23 3335 4565 13.91 31
24 2697 4191 10.32 46
25 5684 6024 10.67 28
26 5336 6326 12.54 35
27 1159 1859 31.30 12
28 3121 3400 16.45 52
29 1743 2017 16.17 11
30 3135 3886 10.79 43
31 3874 5140 12.05 28
32 1931 2024 10.14 37
33 1174 2124 20.30 28
34 3371 4556 10.75 8
35 5982 7153 23.07 10
36 5016 5752 28.63 53
37 4825 5808 11.22 27
38 4118 5046 13.68 54
39 4629 5426 10.20 46
40 3355 4331 10.37 39
41 6061 6343 10.95 18
42 4440 4887 11.08 41
43 778 1844 10.63 46
44 3223 4129 11.18 15
45 6251 6360 12.22 47
46 4030 5430 19.84 36
47 2034 2096 10.80 30
48 3211 3833 12.72 46
49 4940 5721 10.77 54
50 3181 4608 10.72 42
51 1695 2639 10.25 24
52 5523 5750 21.88 11
53 3882 4998 46.08 33
54 1875 2576 10.83 37
55 5923 6654 11.85 19
56 5594 6049 15.13 33
57 2861 3898 10.67 17
58 373 746 13.46 42
59 4977 6046 10.13 44
60 3114 3928 10.36 38
61 4304 5733 10.11 36
62 2111 2415 10.82 30
63 5146 5899 10.11 38
64 856 1843 10.25 8
65 6076 7443 10.99 42
66 2341 3327 10.09 27
67 5719 6496 10.10 22
68 2217 3203 10.59 14
69 2080 2473 10.76 40
70 280 1671 10.90 16
71 5407 5412 10.89 15
72 848 1563 10.29 24
73 1153 2513 10.91 21
74 645 909 11.92 44
75 1893 3182 10.01 9
76 1099 2529 10.89 46
77 1841 2813 16.76 29
78 1038 2148 11.37 36
79 191 223 10.61 14
80 4688 5963 12.19 18
81 3294 3622 11.30 13
82 4140 5309 10.66 19
83 1511 2732 10.26 18
84 3245 3387 10.60 6
85 1684 2902 10.58 32
86 872 880 11.82 28
87 5998 6131 10.67 36
88 989 1676 11.36 52
89 5946 6730 11.36 20
90 4163 4332 16.03 31
91 1890 2602 10.01 18
92 3254 4041 10.92 9
93 6024 7222 32.77 28
94 6250 6306 10.69 14
95 5539 7027 14.55 48
96 3241 4403 10.15 23
97 4771 5852 11.78 31
98 3775 4238 10.35 47
99 3798 4163 12.16 16
100 5895 6323 10.99 6
101 611 2097 37.94 18
102 5564 6601 10.30 13
103 5477 5819 11.95 36
104 1197 1324 11.46 51
105 1167 1219 11.99 17
106 2755 2900 12.83 27
107 5325 6604 10.06 11
108 4004 5077 50.89 29
109 5533 6882 10.69 36
110 3578 3742 11.55 52
111 3389 4821 10.54 18
112 3743 4793 10.07 52
113 2215 3118 10.16 45
114 114 684 37.18 29
115 3470 3803 12.04 35
116 1789 1896 17.38 5
117 225 857 19.79 10
118 5177 6539 11.85 27
119 5485 6128 10.89 44
120 6348 7766 11.20 53
121 3718 4543 12.39 37
122 5295 6622 10.94 5
123 5821 5830 11.00 13
124 5317 5943 10.26 41
